20191227
20200103
20200110
20200117
20200122
20200131
20200207
20200215
20200221
20200227
20200306
20200313
20200320
20200327
20200401
20200410
20200417
20200424
20200430
20200508
20200515
20200522
20200529
20200605
20200612
20200620
20200624
20200703
20200710
20200717
20200724
20200731
20200807
20200814
20200821
20200828
20200904
20200911
20200918
20200926
20200930
20201008
20201016
20201023
20201030
20201106
20201113
20201120
20201127
20201204
20201211
20201218
20201225
20201231
20210108
20210115
20210122
20210129
20210205
20210209
20210226
20210305
20210312
20210319
20210326
20210409
20210423
